time	time	departures_all	arrivals_all	stuck_all	en-route_all	departures_av	arrivals_av	stuck_av	en-route_av
00:00:00	0	0	0	0	0	0	0	0	0
00:05:00	300	0	0	0	0	0	0	0	0
00:10:00	600	0	0	0	0	0	0	0	0
00:15:00	900	0	0	0	0	0	0	0	0
00:20:00	1200	0	0	0	0	0	0	0	0
00:25:00	1500	0	0	0	0	0	0	0	0
00:30:00	1800	0	0	0	0	0	0	0	0
00:35:00	2100	0	0	0	0	0	0	0	0
00:40:00	2400	0	0	0	0	0	0	0	0
00:45:00	2700	0	0	0	0	0	0	0	0
00:50:00	3000	0	0	0	0	0	0	0	0
00:55:00	3300	0	0	0	0	0	0	0	0
01:00:00	3600	0	0	0	0	0	0	0	0
01:05:00	3900	0	0	0	0	0	0	0	0
01:10:00	4200	0	0	0	0	0	0	0	0
01:15:00	4500	0	0	0	0	0	0	0	0
01:20:00	4800	0	0	0	0	0	0	0	0
01:25:00	5100	0	0	0	0	0	0	0	0
01:30:00	5400	0	0	0	0	0	0	0	0
01:35:00	5700	0	0	0	0	0	0	0	0
01:40:00	6000	0	0	0	0	0	0	0	0
01:45:00	6300	0	0	0	0	0	0	0	0
01:50:00	6600	0	0	0	0	0	0	0	0
01:55:00	6900	0	0	0	0	0	0	0	0
02:00:00	7200	0	0	0	0	0	0	0	0
02:05:00	7500	0	0	0	0	0	0	0	0
02:10:00	7800	0	0	0	0	0	0	0	0
02:15:00	8100	0	0	0	0	0	0	0	0
02:20:00	8400	0	0	0	0	0	0	0	0
02:25:00	8700	0	0	0	0	0	0	0	0
02:30:00	9000	0	0	0	0	0	0	0	0
02:35:00	9300	0	0	0	0	0	0	0	0
02:40:00	9600	0	0	0	0	0	0	0	0
02:45:00	9900	0	0	0	0	0	0	0	0
02:50:00	10200	0	0	0	0	0	0	0	0
02:55:00	10500	0	0	0	0	0	0	0	0
03:00:00	10800	195	20	0	175	195	20	0	175
03:05:00	11100	73	66	0	182	73	66	0	182
03:10:00	11400	58	79	0	161	58	79	0	161
03:15:00	11700	49	61	0	149	49	61	0	149
03:20:00	12000	56	65	0	140	56	65	0	140
03:25:00	12300	50	53	0	137	50	53	0	137
03:30:00	12600	48	55	0	130	48	55	0	130
03:35:00	12900	34	54	0	110	34	54	0	110
03:40:00	13200	29	46	0	93	29	46	0	93
03:45:00	13500	51	37	0	107	51	37	0	107
03:50:00	13800	32	29	0	110	32	29	0	110
03:55:00	14100	31	34	0	107	31	34	0	107
04:00:00	14400	31	47	0	91	31	47	0	91
04:05:00	14700	28	35	0	84	28	35	0	84
04:10:00	15000	31	35	0	80	31	35	0	80
04:15:00	15300	34	21	0	93	34	21	0	93
04:20:00	15600	22	27	0	88	22	27	0	88
04:25:00	15900	39	28	0	99	39	28	0	99
04:30:00	16200	25	27	0	97	25	27	0	97
04:35:00	16500	24	20	0	101	24	20	0	101
04:40:00	16800	38	28	0	111	38	28	0	111
04:45:00	17100	35	23	0	123	35	23	0	123
04:50:00	17400	27	28	0	122	27	28	0	122
04:55:00	17700	28	30	0	120	28	30	0	120
05:00:00	18000	31	21	0	130	31	21	0	130
05:05:00	18300	16	23	0	123	16	23	0	123
05:10:00	18600	34	33	0	124	34	33	0	124
05:15:00	18900	17	25	0	116	17	25	0	116
05:20:00	19200	19	20	0	115	19	20	0	115
05:25:00	19500	24	20	0	119	24	20	0	119
05:30:00	19800	22	21	0	120	22	21	0	120
05:35:00	20100	25	25	0	120	25	25	0	120
05:40:00	20400	31	32	0	119	31	32	0	119
05:45:00	20700	28	20	0	127	28	20	0	127
05:50:00	21000	32	33	0	126	32	33	0	126
05:55:00	21300	26	17	0	135	26	17	0	135
06:00:00	21600	24	31	0	128	24	31	0	128
06:05:00	21900	22	27	0	123	22	27	0	123
06:10:00	22200	29	26	0	126	29	26	0	126
06:15:00	22500	18	25	0	119	18	25	0	119
06:20:00	22800	32	23	0	128	32	23	0	128
06:25:00	23100	38	24	0	142	38	24	0	142
06:30:00	23400	37	27	0	152	37	27	0	152
06:35:00	23700	31	27	0	156	31	27	0	156
06:40:00	24000	37	28	0	165	37	28	0	165
06:45:00	24300	25	23	0	167	25	23	0	167
06:50:00	24600	46	36	0	177	46	36	0	177
06:55:00	24900	41	31	0	187	41	31	0	187
07:00:00	25200	30	35	0	182	30	35	0	182
07:05:00	25500	35	42	0	175	35	42	0	175
07:10:00	25800	43	33	0	185	43	33	0	185
07:15:00	26100	38	44	0	179	38	44	0	179
07:20:00	26400	31	39	0	171	31	39	0	171
07:25:00	26700	40	33	0	178	40	33	0	178
07:30:00	27000	40	32	0	186	40	32	0	186
07:35:00	27300	38	37	0	187	38	37	0	187
07:40:00	27600	47	30	0	204	47	30	0	204
07:45:00	27900	51	41	0	214	51	41	0	214
07:50:00	28200	44	36	0	222	44	36	0	222
07:55:00	28500	44	39	0	227	44	39	0	227
08:00:00	28800	44	65	0	206	44	65	0	206
08:05:00	29100	46	65	0	187	46	65	0	187
08:10:00	29400	55	45	0	197	55	45	0	197
08:15:00	29700	47	37	0	207	47	37	0	207
08:20:00	30000	52	48	0	211	52	48	0	211
08:25:00	30300	58	48	0	221	58	48	0	221
08:30:00	30600	57	41	0	237	57	41	0	237
08:35:00	30900	74	53	0	258	74	53	0	258
08:40:00	31200	74	41	0	291	74	41	0	291
08:45:00	31500	54	46	0	299	54	46	0	299
08:50:00	31800	73	55	0	317	73	55	0	317
08:55:00	32100	63	53	0	327	63	53	0	327
09:00:00	32400	57	70	0	314	57	70	0	314
09:05:00	32700	48	43	0	319	48	43	0	319
09:10:00	33000	49	61	0	307	49	61	0	307
09:15:00	33300	60	49	0	318	60	49	0	318
09:20:00	33600	50	48	0	320	50	48	0	320
09:25:00	33900	75	61	0	334	75	61	0	334
09:30:00	34200	66	61	0	339	66	61	0	339
09:35:00	34500	92	77	0	354	92	77	0	354
09:40:00	34800	69	76	0	347	69	76	0	347
09:45:00	35100	77	65	0	359	77	65	0	359
09:50:00	35400	60	67	0	352	60	67	0	352
09:55:00	35700	91	69	0	374	91	69	0	374
10:00:00	36000	79	67	0	386	79	67	0	386
10:05:00	36300	87	71	0	402	87	71	0	402
10:10:00	36600	59	58	0	403	59	58	0	403
10:15:00	36900	81	67	0	417	81	67	0	417
10:20:00	37200	82	75	0	424	82	75	0	424
10:25:00	37500	67	77	0	414	67	77	0	414
10:30:00	37800	97	80	0	431	97	80	0	431
10:35:00	38100	88	65	0	454	88	65	0	454
10:40:00	38400	82	69	0	467	82	69	0	467
10:45:00	38700	72	77	0	462	72	77	0	462
10:50:00	39000	72	82	0	452	72	82	0	452
10:55:00	39300	91	89	0	454	91	89	0	454
11:00:00	39600	70	95	0	429	70	95	0	429
11:05:00	39900	84	87	0	426	84	87	0	426
11:10:00	40200	74	93	0	407	74	93	0	407
11:15:00	40500	90	84	0	413	90	84	0	413
11:20:00	40800	69	86	0	396	69	86	0	396
11:25:00	41100	75	86	0	385	75	86	0	385
11:30:00	41400	80	82	0	383	80	82	0	383
11:35:00	41700	66	98	0	351	66	98	0	351
11:40:00	42000	93	78	0	366	93	78	0	366
11:45:00	42300	69	75	0	360	69	75	0	360
11:50:00	42600	88	110	0	338	88	110	0	338
11:55:00	42900	78	82	0	334	78	82	0	334
12:00:00	43200	79	83	0	330	79	83	0	330
12:05:00	43500	75	75	0	330	75	75	0	330
12:10:00	43800	84	80	0	334	84	80	0	334
12:15:00	44100	80	75	0	339	80	75	0	339
12:20:00	44400	80	92	0	327	80	92	0	327
12:25:00	44700	68	83	0	312	68	83	0	312
12:30:00	45000	88	79	0	321	88	79	0	321
12:35:00	45300	83	78	0	326	83	78	0	326
12:40:00	45600	72	80	0	318	72	80	0	318
12:45:00	45900	92	80	0	330	92	80	0	330
12:50:00	46200	84	66	0	348	84	66	0	348
12:55:00	46500	76	80	0	344	76	80	0	344
13:00:00	46800	80	68	0	356	80	68	0	356
13:05:00	47100	90	106	0	340	90	106	0	340
13:10:00	47400	68	74	0	334	68	74	0	334
13:15:00	47700	86	88	0	332	86	88	0	332
13:20:00	48000	81	86	0	327	81	86	0	327
13:25:00	48300	66	91	0	302	66	91	0	302
13:30:00	48600	98	64	0	336	98	64	0	336
13:35:00	48900	82	91	0	327	82	91	0	327
13:40:00	49200	79	93	0	313	79	93	0	313
13:45:00	49500	89	90	0	312	89	90	0	312
13:50:00	49800	73	77	0	308	73	77	0	308
13:55:00	50100	73	96	0	285	73	96	0	285
14:00:00	50400	81	86	0	280	81	86	0	280
14:05:00	50700	84	88	0	276	84	88	0	276
14:10:00	51000	88	74	0	290	88	74	0	290
14:15:00	51300	67	86	0	271	67	86	0	271
14:20:00	51600	96	78	0	289	96	78	0	289
14:25:00	51900	96	76	0	309	96	76	0	309
14:30:00	52200	85	86	0	308	85	86	0	308
14:35:00	52500	92	84	0	316	92	84	0	316
14:40:00	52800	95	87	0	324	95	87	0	324
14:45:00	53100	73	79	0	318	73	79	0	318
14:50:00	53400	78	89	0	307	78	89	0	307
14:55:00	53700	75	81	0	301	75	81	0	301
15:00:00	54000	91	82	0	310	91	82	0	310
15:05:00	54300	68	86	0	292	68	86	0	292
15:10:00	54600	82	87	0	287	82	87	0	287
15:15:00	54900	83	86	0	284	83	86	0	284
15:20:00	55200	73	93	0	264	73	93	0	264
15:25:00	55500	82	93	0	253	82	93	0	253
15:30:00	55800	101	81	0	273	101	81	0	273
15:35:00	56100	72	92	0	253	72	92	0	253
15:40:00	56400	73	78	0	248	73	78	0	248
15:45:00	56700	82	84	0	246	82	84	0	246
15:50:00	57000	72	73	0	245	72	73	0	245
15:55:00	57300	76	77	0	244	76	77	0	244
16:00:00	57600	78	85	0	237	78	85	0	237
16:05:00	57900	77	77	0	237	77	77	0	237
16:10:00	58200	59	78	0	218	59	78	0	218
16:15:00	58500	72	83	0	207	72	83	0	207
16:20:00	58800	85	72	0	220	85	72	0	220
16:25:00	59100	68	77	0	211	68	77	0	211
16:30:00	59400	72	81	0	202	72	81	0	202
16:35:00	59700	72	70	0	204	72	70	0	204
16:40:00	60000	69	72	0	201	69	72	0	201
16:45:00	60300	68	73	0	196	68	73	0	196
16:50:00	60600	58	66	0	188	58	66	0	188
16:55:00	60900	86	77	0	197	86	77	0	197
17:00:00	61200	66	75	0	188	66	75	0	188
17:05:00	61500	82	66	0	204	82	66	0	204
17:10:00	61800	78	67	0	215	78	67	0	215
17:15:00	62100	98	62	0	251	98	62	0	251
17:20:00	62400	91	83	0	259	91	83	0	259
17:25:00	62700	100	76	0	283	100	76	0	283
17:30:00	63000	90	77	0	296	90	77	0	296
17:35:00	63300	89	87	0	298	89	87	0	298
17:40:00	63600	114	93	0	319	114	93	0	319
17:45:00	63900	115	85	0	349	115	85	0	349
17:50:00	64200	97	108	0	338	97	108	0	338
17:55:00	64500	110	93	0	355	110	93	0	355
18:00:00	64800	101	92	0	364	101	92	0	364
18:05:00	65100	121	104	0	381	121	104	0	381
18:10:00	65400	94	115	0	360	94	115	0	360
18:15:00	65700	127	110	0	377	127	110	0	377
18:20:00	66000	103	120	0	360	103	120	0	360
18:25:00	66300	112	114	0	358	112	114	0	358
18:30:00	66600	107	101	0	364	107	101	0	364
18:35:00	66900	120	116	0	368	120	116	0	368
18:40:00	67200	109	113	0	364	109	113	0	364
18:45:00	67500	124	102	0	386	124	102	0	386
18:50:00	67800	107	104	0	389	107	104	0	389
18:55:00	68100	106	110	0	385	106	110	0	385
19:00:00	68400	136	125	0	396	136	125	0	396
19:05:00	68700	135	107	0	424	135	107	0	424
19:10:00	69000	124	113	0	435	124	113	0	435
19:15:00	69300	136	124	0	447	136	124	0	447
19:20:00	69600	130	123	0	454	130	123	0	454
19:25:00	69900	127	133	0	448	127	133	0	448
19:30:00	70200	149	124	0	473	149	124	0	473
19:35:00	70500	135	131	0	477	135	131	0	477
19:40:00	70800	132	141	0	468	132	141	0	468
19:45:00	71100	152	134	0	486	152	134	0	486
19:50:00	71400	155	144	0	497	155	144	0	497
19:55:00	71700	140	133	0	504	140	133	0	504
20:00:00	72000	134	150	0	488	134	150	0	488
20:05:00	72300	139	136	0	491	139	136	0	491
20:10:00	72600	135	136	0	490	135	136	0	490
20:15:00	72900	141	150	0	481	141	150	0	481
20:20:00	73200	134	142	0	473	134	142	0	473
20:25:00	73500	138	146	0	465	138	146	0	465
20:30:00	73800	140	160	0	445	140	160	0	445
20:35:00	74100	136	143	0	438	136	143	0	438
20:40:00	74400	162	156	0	444	162	156	0	444
20:45:00	74700	146	154	0	436	146	154	0	436
20:50:00	75000	147	147	0	436	147	147	0	436
20:55:00	75300	140	158	0	418	140	158	0	418
21:00:00	75600	155	155	0	418	155	155	0	418
21:05:00	75900	137	141	0	414	137	141	0	414
21:10:00	76200	133	145	0	402	133	145	0	402
21:15:00	76500	153	152	0	403	153	152	0	403
21:20:00	76800	138	139	0	402	138	139	0	402
21:25:00	77100	135	149	0	388	135	149	0	388
21:30:00	77400	143	142	0	389	143	142	0	389
21:35:00	77700	154	126	0	417	154	126	0	417
21:40:00	78000	142	131	0	428	142	131	0	428
21:45:00	78300	151	152	0	427	151	152	0	427
21:50:00	78600	151	148	0	430	151	148	0	430
21:55:00	78900	138	156	0	412	138	156	0	412
22:00:00	79200	136	135	0	413	136	135	0	413
22:05:00	79500	161	131	0	443	161	131	0	443
22:10:00	79800	147	138	0	452	147	138	0	452
22:15:00	80100	136	148	0	440	136	148	0	440
22:20:00	80400	166	145	0	461	166	145	0	461
22:25:00	80700	136	156	0	441	136	156	0	441
22:30:00	81000	148	137	0	452	148	137	0	452
22:35:00	81300	145	154	0	443	145	154	0	443
22:40:00	81600	141	150	0	434	141	150	0	434
22:45:00	81900	151	137	0	448	151	137	0	448
22:50:00	82200	170	161	0	457	170	161	0	457
22:55:00	82500	160	145	0	472	160	145	0	472
23:00:00	82800	148	161	0	459	148	161	0	459
23:05:00	83100	162	157	0	464	162	157	0	464
23:10:00	83400	174	158	0	480	174	158	0	480
23:15:00	83700	149	166	0	463	149	166	0	463
23:20:00	84000	169	162	0	470	169	162	0	470
23:25:00	84300	151	158	0	463	151	158	0	463
23:30:00	84600	160	156	0	467	160	156	0	467
23:35:00	84900	178	181	0	464	178	181	0	464
23:40:00	85200	133	158	0	439	133	158	0	439
23:45:00	85500	155	160	0	434	155	160	0	434
23:50:00	85800	138	149	0	423	138	149	0	423
23:55:00	86100	141	154	0	410	141	154	0	410
24:00:00	86400	0	138	0	272	0	138	0	272
24:05:00	86700	0	143	0	129	0	143	0	129
24:10:00	87000	0	77	0	52	0	77	0	52
24:15:00	87300	0	37	0	15	0	37	0	15
24:20:00	87600	0	5	0	10	0	5	0	10
24:25:00	87900	0	4	0	6	0	4	0	6
24:30:00	88200	0	1	0	5	0	1	0	5
24:35:00	88500	0	1	0	4	0	1	0	4
24:40:00	88800	0	1	0	3	0	1	0	3
24:45:00	89100	0	1	0	2	0	1	0	2
24:50:00	89400	0	1	0	1	0	1	0	1
24:55:00	89700	0	0	0	1	0	0	0	1
25:00:00	90000	0	0	0	1	0	0	0	1
25:05:00	90300	0	0	0	1	0	0	0	1
25:10:00	90600	0	0	0	1	0	0	0	1
25:15:00	90900	0	1	0	0	0	1	0	0
25:20:00	91200	0	0	0	0	0	0	0	0
25:25:00	91500	0	0	0	0	0	0	0	0
25:30:00	91800	0	0	0	0	0	0	0	0
25:35:00	92100	0	0	0	0	0	0	0	0
25:40:00	92400	0	0	0	0	0	0	0	0
25:45:00	92700	0	0	0	0	0	0	0	0
25:50:00	93000	0	0	0	0	0	0	0	0
25:55:00	93300	0	0	0	0	0	0	0	0
26:00:00	93600	0	0	0	0	0	0	0	0
26:05:00	93900	0	0	0	0	0	0	0	0
26:10:00	94200	0	0	0	0	0	0	0	0
26:15:00	94500	0	0	0	0	0	0	0	0
26:20:00	94800	0	0	0	0	0	0	0	0
26:25:00	95100	0	0	0	0	0	0	0	0
26:30:00	95400	0	0	0	0	0	0	0	0
26:35:00	95700	0	0	0	0	0	0	0	0
26:40:00	96000	0	0	0	0	0	0	0	0
26:45:00	96300	0	0	0	0	0	0	0	0
26:50:00	96600	0	0	0	0	0	0	0	0
26:55:00	96900	0	0	0	0	0	0	0	0
27:00:00	97200	0	0	0	0	0	0	0	0
27:05:00	97500	0	0	0	0	0	0	0	0
27:10:00	97800	0	0	0	0	0	0	0	0
27:15:00	98100	0	0	0	0	0	0	0	0
27:20:00	98400	0	0	0	0	0	0	0	0
27:25:00	98700	0	0	0	0	0	0	0	0
27:30:00	99000	0	0	0	0	0	0	0	0
27:35:00	99300	0	0	0	0	0	0	0	0
27:40:00	99600	0	0	0	0	0	0	0	0
27:45:00	99900	0	0	0	0	0	0	0	0
27:50:00	100200	0	0	0	0	0	0	0	0
27:55:00	100500	0	0	0	0	0	0	0	0
28:00:00	100800	0	0	0	0	0	0	0	0
28:05:00	101100	0	0	0	0	0	0	0	0
28:10:00	101400	0	0	0	0	0	0	0	0
28:15:00	101700	0	0	0	0	0	0	0	0
28:20:00	102000	0	0	0	0	0	0	0	0
28:25:00	102300	0	0	0	0	0	0	0	0
28:30:00	102600	0	0	0	0	0	0	0	0
28:35:00	102900	0	0	0	0	0	0	0	0
28:40:00	103200	0	0	0	0	0	0	0	0
28:45:00	103500	0	0	0	0	0	0	0	0
28:50:00	103800	0	0	0	0	0	0	0	0
28:55:00	104100	0	0	0	0	0	0	0	0
29:00:00	104400	0	0	0	0	0	0	0	0
29:05:00	104700	0	0	0	0	0	0	0	0
29:10:00	105000	0	0	0	0	0	0	0	0
29:15:00	105300	0	0	0	0	0	0	0	0
29:20:00	105600	0	0	0	0	0	0	0	0
29:25:00	105900	0	0	0	0	0	0	0	0
29:30:00	106200	0	0	0	0	0	0	0	0
29:35:00	106500	0	0	0	0	0	0	0	0
29:40:00	106800	0	0	0	0	0	0	0	0
29:45:00	107100	0	0	0	0	0	0	0	0
29:50:00	107400	0	0	0	0	0	0	0	0
29:55:00	107700	0	0	0	0	0	0	0	0
30:00:00	108000	0	0	0	0	0	0	0	0
30:05:00	108300	0	0	0	0	0	0	0	0
